61 1543582174 0.003707 40.000000 0.003042 0.008337 0.000569
64 1543582174 0.000853 0.200000 0.000853 0.000853 0.000000
58 1543582174 0.006941 40.000000 0.005599 0.012549 0.002000
55 1543582174 0.003823 40.000000 0.003130 0.008550 0.000606
55 1543582175 0.003823 40.000000 0.003130 0.008550 0.000606
58 1543582175 0.006941 40.000000 0.005599 0.012549 0.002000
61 1543582175 0.003707 40.000000 0.003042 0.008337 0.000569
64 1543582175 0.000853 0.200000 0.000853 0.000853 0.000000
61 1543582176 0.003707 40.000000 0.003042 0.008337 0.000569
64 1543582176 0.000853 0.200000 0.000853 0.000853 0.000000
58 1543582176 0.006941 40.000000 0.005599 0.012549 0.002000
55 1543582176 0.003823 40.000000 0.003130 0.008550 0.000606
61 1543582177 0.003707 40.000000 0.003042 0.008337 0.000569
64 1543582177 0.000853 0.200000 0.000853 0.000853 0.000000
58 1543582177 0.006941 40.000000 0.005599 0.012549 0.002000
55 1543582177 0.003823 40.000000 0.003130 0.008550 0.000606
61 1543582178 0.003707 40.000000 0.003042 0.008337 0.000569
64 1543582178 0.000853 0.200000 0.000853 0.000853 0.000000
58 1543582178 0.006941 40.000000 0.005599 0.012549 0.002000
55 1543582178 0.003823 40.000000 0.003130 0.008550 0.000606
61 1543582179 0.003598 86.800000 0.003055 0.008070 0.001151
58 1543582179 0.006622 86.600000 0.005562 0.018680 0.003920
55 1543582179 0.003714 86.800000 0.003143 0.008373 0.001227
55 1543582180 0.003714 86.800000 0.003143 0.008373 0.001227
58 1543582180 0.006622 86.600000 0.005562 0.018680 0.003920
61 1543582180 0.003598 86.800000 0.003055 0.008070 0.001151
61 1543582181 0.003598 86.800000 0.003055 0.008070 0.001151
58 1543582181 0.006622 86.600000 0.005562 0.018680 0.003920
55 1543582181 0.003714 86.800000 0.003143 0.008373 0.001227
61 1543582182 0.003598 86.800000 0.003055 0.008070 0.001151
58 1543582182 0.006622 86.600000 0.005562 0.018680 0.003920
55 1543582182 0.003714 86.800000 0.003143 0.008373 0.001227
61 1543582183 0.003598 86.800000 0.003055 0.008070 0.001151
58 1543582183 0.006622 86.600000 0.005562 0.018680 0.003920
55 1543582183 0.003714 86.800000 0.003143 0.008373 0.001227
61 1543582184 0.003528 87.600000 0.003027 0.007552 0.001110
58 1543582184 0.006591 87.800000 0.005534 0.020749 0.003944
55 1543582184 0.003643 87.600000 0.003116 0.007757 0.001184
55 1543582185 0.003643 87.600000 0.003116 0.007757 0.001184
58 1543582185 0.006591 87.800000 0.005534 0.020749 0.003944
61 1543582185 0.003528 87.600000 0.003027 0.007552 0.001110
61 1543582186 0.003528 87.600000 0.003027 0.007552 0.001110
58 1543582186 0.006591 87.800000 0.005534 0.020749 0.003944
55 1543582186 0.003643 87.600000 0.003116 0.007757 0.001184
61 1543582187 0.003528 87.600000 0.003027 0.007552 0.001110
61 1543582188 0.003528 87.600000 0.003027 0.007552 0.001110
58 1543582187 0.006591 87.800000 0.005534 0.020749 0.003944
58 1543582188 0.006591 87.800000 0.005534 0.020749 0.003944
55 1543582187 0.003643 87.600000 0.003116 0.007757 0.001184
55 1543582188 0.003643 87.600000 0.003116 0.007757 0.001184
61 1543582189 0.003486 88.800000 0.003007 0.008446 0.001095
58 1543582189 0.006489 88.800000 0.005575 0.023334 0.003865
55 1543582189 0.003598 88.800000 0.003095 0.008669 0.001167
61 1543582190 0.003486 88.800000 0.003007 0.008446 0.001095
58 1543582190 0.006489 88.800000 0.005575 0.023334 0.003865
55 1543582190 0.003598 88.800000 0.003095 0.008669 0.001167
61 1543582191 0.003486 88.800000 0.003007 0.008446 0.001095
58 1543582191 0.006489 88.800000 0.005575 0.023334 0.003865
55 1543582191 0.003598 88.800000 0.003095 0.008669 0.001167
61 1543582192 0.003486 88.800000 0.003007 0.008446 0.001095
58 1543582192 0.006489 88.800000 0.005575 0.023334 0.003865
55 1543582192 0.003598 88.800000 0.003095 0.008669 0.001167
61 1543582193 0.003486 88.800000 0.003007 0.008446 0.001095
58 1543582193 0.006489 88.800000 0.005575 0.023334 0.003865
55 1543582193 0.003598 88.800000 0.003095 0.008669 0.001167
61 1543582194 0.003485 89.200000 0.003020 0.006067 0.001098
58 1543582194 0.006457 89.000000 0.005623 0.010510 0.003758
55 1543582194 0.003594 89.200000 0.003107 0.006260 0.001168
61 1543582195 0.003485 89.200000 0.003020 0.006067 0.001098
58 1543582195 0.006457 89.000000 0.005623 0.010510 0.003758
55 1543582195 0.003594 89.200000 0.003107 0.006260 0.001168
61 1543582196 0.003485 89.200000 0.003020 0.006067 0.001098
58 1543582196 0.006457 89.000000 0.005623 0.010510 0.003758
55 1543582196 0.003594 89.200000 0.003107 0.006260 0.001168
61 1543582197 0.003485 89.200000 0.003020 0.006067 0.001098
58 1543582197 0.006457 89.000000 0.005623 0.010510 0.003758
55 1543582197 0.003594 89.200000 0.003107 0.006260 0.001168
61 1543582198 0.003485 89.200000 0.003020 0.006067 0.001098
58 1543582198 0.006457 89.000000 0.005623 0.010510 0.003758
55 1543582198 0.003594 89.200000 0.003107 0.006260 0.001168
61 1543582199 0.003809 81.200000 0.002744 0.008253 0.001219
58 1543582199 0.007088 81.200000 0.005231 0.015762 0.004264
55 1543582199 0.003938 81.200000 0.002829 0.008670 0.001306
61 1543582200 0.003809 81.200000 0.002744 0.008253 0.001219
58 1543582200 0.007088 81.200000 0.005231 0.015762 0.004264
55 1543582200 0.003938 81.200000 0.002829 0.008670 0.001306
61 1543582201 0.003809 81.200000 0.002744 0.008253 0.001219
58 1543582201 0.007088 81.200000 0.005231 0.015762 0.004264
55 1543582201 0.003938 81.200000 0.002829 0.008670 0.001306
61 1543582202 0.003809 81.200000 0.002744 0.008253 0.001219
58 1543582202 0.007088 81.200000 0.005231 0.015762 0.004264
55 1543582202 0.003938 81.200000 0.002829 0.008670 0.001306
61 1543582203 0.003809 81.200000 0.002744 0.008253 0.001219
58 1543582203 0.007088 81.200000 0.005231 0.015762 0.004264
55 1543582203 0.003938 81.200000 0.002829 0.008670 0.001306
61 1543582204 0.003549 87.200000 0.003052 0.006491 0.001118
58 1543582204 0.006607 87.200000 0.005618 0.017112 0.003905
55 1543582204 0.003663 87.200000 0.003138 0.006949 0.001192
61 1543582205 0.003549 87.200000 0.003052 0.006491 0.001118
58 1543582205 0.006607 87.200000 0.005618 0.017112 0.003905
55 1543582205 0.003663 87.200000 0.003138 0.006949 0.001192
61 1543582206 0.003549 87.200000 0.003052 0.006491 0.001118
58 1543582206 0.006607 87.200000 0.005618 0.017112 0.003905
55 1543582206 0.003663 87.200000 0.003138 0.006949 0.001192
61 1543582207 0.003549 87.200000 0.003052 0.006491 0.001118
58 1543582207 0.006607 87.200000 0.005618 0.017112 0.003905
55 1543582207 0.003663 87.200000 0.003138 0.006949 0.001192
61 1543582208 0.003549 87.200000 0.003052 0.006491 0.001118
58 1543582208 0.006607 87.200000 0.005618 0.017112 0.003905
55 1543582208 0.003663 87.200000 0.003138 0.006949 0.001192
61 1543582209 0.003486 88.800000 0.003004 0.006442 0.001095
58 1543582209 0.006495 88.800000 0.005541 0.010943 0.003809
55 1543582209 0.003597 88.800000 0.003090 0.006638 0.001165
61 1543582210 0.003486 88.800000 0.003004 0.006442 0.001095
58 1543582210 0.006495 88.800000 0.005541 0.010943 0.003809
55 1543582210 0.003597 88.800000 0.003090 0.006638 0.001165
61 1543582211 0.003486 88.800000 0.003004 0.006442 0.001095
58 1543582211 0.006495 88.800000 0.005541 0.010943 0.003809
55 1543582211 0.003597 88.800000 0.003090 0.006638 0.001165
61 1543582212 0.003486 88.800000 0.003004 0.006442 0.001095
58 1543582212 0.006495 88.800000 0.005541 0.010943 0.003809
55 1543582212 0.003597 88.800000 0.003090 0.006638 0.001165
61 1543582213 0.003486 88.800000 0.003004 0.006442 0.001095
58 1543582213 0.006495 88.800000 0.005541 0.010943 0.003809
55 1543582213 0.003597 88.800000 0.003090 0.006638 0.001165
61 1543582214 0.003531 88.200000 0.003024 0.008412 0.001122
58 1543582214 0.006513 88.200000 0.005525 0.013617 0.003813
55 1543582214 0.003642 88.200000 0.003113 0.008584 0.001195
55 1543582215 0.003642 88.200000 0.003113 0.008584 0.001195
58 1543582215 0.006513 88.200000 0.005525 0.013617 0.003813
61 1543582215 0.003531 88.200000 0.003024 0.008412 0.001122
61 1543582216 0.003531 88.200000 0.003024 0.008412 0.001122
58 1543582216 0.006513 88.200000 0.005525 0.013617 0.003813
55 1543582216 0.003642 88.200000 0.003113 0.008584 0.001195
61 1543582217 0.003531 88.200000 0.003024 0.008412 0.001122
58 1543582217 0.006513 88.200000 0.005525 0.013617 0.003813
55 1543582217 0.003642 88.200000 0.003113 0.008584 0.001195
61 1543582218 0.003531 88.200000 0.003024 0.008412 0.001122
58 1543582218 0.006513 88.200000 0.005525 0.013617 0.003813
55 1543582218 0.003642 88.200000 0.003113 0.008584 0.001195
61 1543582219 0.003462 89.800000 0.003018 0.006150 0.001088
58 1543582219 0.006389 90.000000 0.005559 0.010328 0.003713
55 1543582219 0.003570 89.800000 0.003105 0.006319 0.001157
55 1543582220 0.003570 89.800000 0.003105 0.006319 0.001157
58 1543582220 0.006389 90.000000 0.005559 0.010328 0.003713
61 1543582220 0.003462 89.800000 0.003018 0.006150 0.001088
61 1543582221 0.003462 89.800000 0.003018 0.006150 0.001088
58 1543582221 0.006389 90.000000 0.005559 0.010328 0.003713
55 1543582221 0.003570 89.800000 0.003105 0.006319 0.001157
61 1543582222 0.003462 89.800000 0.003018 0.006150 0.001088
58 1543582222 0.006389 90.000000 0.005559 0.010328 0.003713
55 1543582222 0.003570 89.800000 0.003105 0.006319 0.001157
61 1543582223 0.003462 89.800000 0.003018 0.006150 0.001088
58 1543582223 0.006389 90.000000 0.005559 0.010328 0.003713
55 1543582223 0.003570 89.800000 0.003105 0.006319 0.001157
61 1543582224 0.003477 89.400000 0.003045 0.005637 0.001094
58 1543582224 0.006413 89.400000 0.005539 0.013904 0.003737
55 1543582224 0.003587 89.400000 0.003132 0.005811 0.001165
55 1543582225 0.003587 89.400000 0.003132 0.005811 0.001165
58 1543582225 0.006413 89.400000 0.005539 0.013904 0.003737
61 1543582225 0.003477 89.400000 0.003045 0.005637 0.001094
61 1543582226 0.003477 89.400000 0.003045 0.005637 0.001094
58 1543582226 0.006413 89.400000 0.005539 0.013904 0.003737
55 1543582226 0.003587 89.400000 0.003132 0.005811 0.001165
61 1543582227 0.003477 89.400000 0.003045 0.005637 0.001094
58 1543582227 0.006413 89.400000 0.005539 0.013904 0.003737
55 1543582227 0.003587 89.400000 0.003132 0.005811 0.001165
61 1543582228 0.003477 89.400000 0.003045 0.005637 0.001094
58 1543582228 0.006413 89.400000 0.005539 0.013904 0.003737
55 1543582228 0.003587 89.400000 0.003132 0.005811 0.001165
61 1543582229 0.003744 82.400000 0.002703 0.018814 0.001275
58 1543582229 0.007021 82.200000 0.005080 0.027927 0.004557
55 1543582229 0.003869 82.400000 0.002800 0.019150 0.001362
55 1543582230 0.003869 82.400000 0.002800 0.019150 0.001362
58 1543582230 0.007021 82.200000 0.005080 0.027927 0.004557
61 1543582230 0.003744 82.400000 0.002703 0.018814 0.001275
61 1543582231 0.003744 82.400000 0.002703 0.018814 0.001275
58 1543582231 0.007021 82.200000 0.005080 0.027927 0.004557
55 1543582231 0.003869 82.400000 0.002800 0.019150 0.001362
61 1543582232 0.003744 82.400000 0.002703 0.018814 0.001275
58 1543582232 0.007021 82.200000 0.005080 0.027927 0.004557
55 1543582232 0.003869 82.400000 0.002800 0.019150 0.001362
61 1543582233 0.003744 82.400000 0.002703 0.018814 0.001275
58 1543582233 0.007021 82.200000 0.005080 0.027927 0.004557
55 1543582233 0.003869 82.400000 0.002800 0.019150 0.001362
61 1543582234 0.003499 88.400000 0.002806 0.008985 0.001113
58 1543582234 0.006522 88.600000 0.005299 0.013793 0.003872
55 1543582234 0.003609 88.400000 0.002882 0.009164 0.001184
55 1543582235 0.003609 88.400000 0.002882 0.009164 0.001184
58 1543582235 0.006522 88.600000 0.005299 0.013793 0.003872
61 1543582235 0.003499 88.400000 0.002806 0.008985 0.001113
61 1543582236 0.003499 88.400000 0.002806 0.008985 0.001113
58 1543582236 0.006522 88.600000 0.005299 0.013793 0.003872
55 1543582236 0.003609 88.400000 0.002882 0.009164 0.001184
61 1543582237 0.003499 88.400000 0.002806 0.008985 0.001113
58 1543582237 0.006522 88.600000 0.005299 0.013793 0.003872
55 1543582237 0.003609 88.400000 0.002882 0.009164 0.001184
61 1543582238 0.003499 88.400000 0.002806 0.008985 0.001113
58 1543582238 0.006522 88.600000 0.005299 0.013793 0.003872
55 1543582238 0.003609 88.400000 0.002882 0.009164 0.001184
61 1543582239 0.003725 84.000000 0.002767 0.064674 0.001943
58 1543582239 0.006816 84.000000 0.004957 0.032649 0.004223
55 1543582239 0.003843 84.000000 0.002847 0.064819 0.002023
55 1543582240 0.003843 84.000000 0.002847 0.064819 0.002023
58 1543582240 0.006816 84.000000 0.004957 0.032649 0.004223
61 1543582240 0.003725 84.000000 0.002767 0.064674 0.001943
61 1543582241 0.003725 84.000000 0.002767 0.064674 0.001943
58 1543582241 0.006816 84.000000 0.004957 0.032649 0.004223
55 1543582241 0.003843 84.000000 0.002847 0.064819 0.002023
61 1543582242 0.003725 84.000000 0.002767 0.064674 0.001943
58 1543582242 0.006816 84.000000 0.004957 0.032649 0.004223
55 1543582242 0.003843 84.000000 0.002847 0.064819 0.002023
61 1543582243 0.003725 84.000000 0.002767 0.064674 0.001943
58 1543582243 0.006816 84.000000 0.004957 0.032649 0.004223
55 1543582243 0.003843 84.000000 0.002847 0.064819 0.002023
61 1543582244 0.003837 79.000000 0.002982 0.012481 0.001232
58 1543582244 0.007397 78.800000 0.005588 0.032007 0.004745
55 1543582244 0.003970 79.000000 0.003069 0.012649 0.001320
55 1543582245 0.003970 79.000000 0.003069 0.012649 0.001320
58 1543582245 0.007397 78.800000 0.005588 0.032007 0.004745
61 1543582245 0.003837 79.000000 0.002982 0.012481 0.001232
61 1543582246 0.003837 79.000000 0.002982 0.012481 0.001232
58 1543582246 0.007397 78.800000 0.005588 0.032007 0.004745
55 1543582246 0.003970 79.000000 0.003069 0.012649 0.001320
61 1543582247 0.003837 79.000000 0.002982 0.012481 0.001232
58 1543582247 0.007397 78.800000 0.005588 0.032007 0.004745
55 1543582247 0.003970 79.000000 0.003069 0.012649 0.001320
61 1543582248 0.003837 79.000000 0.002982 0.012481 0.001232
58 1543582248 0.007397 78.800000 0.005588 0.032007 0.004745
55 1543582248 0.003970 79.000000 0.003069 0.012649 0.001320
61 1543582249 0.003698 83.000000 0.003025 0.018549 0.001207
58 1543582249 0.006952 83.200000 0.005493 0.025226 0.004256
55 1543582249 0.003824 83.000000 0.003115 0.019044 0.001291
55 1543582250 0.003824 83.000000 0.003115 0.019044 0.001291
58 1543582250 0.006952 83.200000 0.005493 0.025226 0.004256
61 1543582250 0.003698 83.000000 0.003025 0.018549 0.001207
61 1543582251 0.003698 83.000000 0.003025 0.018549 0.001207
58 1543582251 0.006952 83.200000 0.005493 0.025226 0.004256
55 1543582251 0.003824 83.000000 0.003115 0.019044 0.001291
61 1543582252 0.003698 83.000000 0.003025 0.018549 0.001207
58 1543582252 0.006952 83.200000 0.005493 0.025226 0.004256
55 1543582252 0.003824 83.000000 0.003115 0.019044 0.001291
61 1543582253 0.003698 83.000000 0.003025 0.018549 0.001207
61 1543582254 0.004165 73.000000 0.002920 0.011835 0.001341
58 1543582253 0.006952 83.200000 0.005493 0.025226 0.004256
58 1543582254 0.007980 72.800000 0.005250 0.035718 0.005146
55 1543582253 0.003824 83.000000 0.003115 0.019044 0.001291
55 1543582254 0.004324 73.000000 0.003002 0.013719 0.001459
61 1543582255 0.004165 73.000000 0.002920 0.011835 0.001341
58 1543582255 0.007980 72.800000 0.005250 0.035718 0.005146
55 1543582255 0.004324 73.000000 0.003002 0.013719 0.001459
61 1543582256 0.004165 73.000000 0.002920 0.011835 0.001341
58 1543582256 0.007980 72.800000 0.005250 0.035718 0.005146
55 1543582256 0.004324 73.000000 0.003002 0.013719 0.001459
61 1543582257 0.004165 73.000000 0.002920 0.011835 0.001341
58 1543582257 0.007980 72.800000 0.005250 0.035718 0.005146
55 1543582257 0.004324 73.000000 0.003002 0.013719 0.001459
61 1543582258 0.004165 73.000000 0.002920 0.011835 0.001341
58 1543582258 0.007980 72.800000 0.005250 0.035718 0.005146
55 1543582258 0.004324 73.000000 0.003002 0.013719 0.001459
61 1543582259 0.003775 81.400000 0.002999 0.008177 0.001212
58 1543582259 0.007118 81.400000 0.005585 0.022562 0.004420
55 1543582259 0.003902 81.400000 0.003087 0.008348 0.001295
61 1543582260 0.003775 81.400000 0.002999 0.008177 0.001212
58 1543582260 0.007118 81.400000 0.005585 0.022562 0.004420
55 1543582260 0.003902 81.400000 0.003087 0.008348 0.001295
61 1543582261 0.003775 81.400000 0.002999 0.008177 0.001212
58 1543582261 0.007118 81.400000 0.005585 0.022562 0.004420
55 1543582261 0.003902 81.400000 0.003087 0.008348 0.001295
61 1543582262 0.003775 81.400000 0.002999 0.008177 0.001212
58 1543582262 0.007118 81.400000 0.005585 0.022562 0.004420
55 1543582262 0.003902 81.400000 0.003087 0.008348 0.001295
61 1543582263 0.003775 81.400000 0.002999 0.008177 0.001212
58 1543582263 0.007118 81.400000 0.005585 0.022562 0.004420
55 1543582263 0.003902 81.400000 0.003087 0.008348 0.001295
61 1543582264 0.004033 76.400000 0.002786 0.011211 0.001327
58 1543582264 0.007533 76.600000 0.005188 0.018688 0.004638
55 1543582264 0.004175 76.400000 0.002881 0.012455 0.001426
61 1543582265 0.004033 76.400000 0.002786 0.011211 0.001327
58 1543582265 0.007533 76.600000 0.005188 0.018688 0.004638
55 1543582265 0.004175 76.400000 0.002881 0.012455 0.001426
61 1543582266 0.004033 76.400000 0.002786 0.011211 0.001327
58 1543582266 0.007533 76.600000 0.005188 0.018688 0.004638
55 1543582266 0.004175 76.400000 0.002881 0.012455 0.001426
61 1543582267 0.004033 76.400000 0.002786 0.011211 0.001327
58 1543582267 0.007533 76.600000 0.005188 0.018688 0.004638
55 1543582267 0.004175 76.400000 0.002881 0.012455 0.001426
61 1543582268 0.004033 76.400000 0.002786 0.011211 0.001327
58 1543582268 0.007533 76.600000 0.005188 0.018688 0.004638
55 1543582268 0.004175 76.400000 0.002881 0.012455 0.001426
61 1543582269 0.003543 86.000000 0.002850 0.006645 0.001105
58 1543582269 0.006738 86.000000 0.005188 0.026258 0.004107
55 1543582269 0.003658 86.000000 0.002932 0.006850 0.001179
61 1543582270 0.003543 86.000000 0.002850 0.006645 0.001105
58 1543582270 0.006738 86.000000 0.005188 0.026258 0.004107
55 1543582270 0.003658 86.000000 0.002932 0.006850 0.001179
61 1543582271 0.003543 86.000000 0.002850 0.006645 0.001105
58 1543582271 0.006738 86.000000 0.005188 0.026258 0.004107
55 1543582271 0.003658 86.000000 0.002932 0.006850 0.001179
61 1543582272 0.003543 86.000000 0.002850 0.006645 0.001105
58 1543582272 0.006738 86.000000 0.005188 0.026258 0.004107
55 1543582272 0.003658 86.000000 0.002932 0.006850 0.001179
61 1543582273 0.003543 86.000000 0.002850 0.006645 0.001105
58 1543582273 0.006738 86.000000 0.005188 0.026258 0.004107
55 1543582273 0.003658 86.000000 0.002932 0.006850 0.001179
61 1543582274 0.003900 79.000000 0.002499 0.025260 0.001430
58 1543582274 0.007323 78.800000 0.004882 0.040110 0.005052
55 1543582274 0.004028 79.000000 0.002567 0.025622 0.001517
61 1543582275 0.003900 79.000000 0.002499 0.025260 0.001430
58 1543582275 0.007323 78.800000 0.004882 0.040110 0.005052
55 1543582275 0.004028 79.000000 0.002567 0.025622 0.001517
61 1543582276 0.003900 79.000000 0.002499 0.025260 0.001430
58 1543582276 0.007323 78.800000 0.004882 0.040110 0.005052
55 1543582276 0.004028 79.000000 0.002567 0.025622 0.001517
61 1543582277 0.003900 79.000000 0.002499 0.025260 0.001430
58 1543582277 0.007323 78.800000 0.004882 0.040110 0.005052
55 1543582277 0.004028 79.000000 0.002567 0.025622 0.001517
61 1543582278 0.003900 79.000000 0.002499 0.025260 0.001430
58 1543582278 0.007323 78.800000 0.004882 0.040110 0.005052
55 1543582278 0.004028 79.000000 0.002567 0.025622 0.001517
61 1543582279 0.003759 80.800000 0.002362 0.013577 0.001249
58 1543582279 0.007217 80.800000 0.004493 0.034500 0.004910
55 1543582279 0.003890 80.800000 0.002442 0.013767 0.001338
55 1543582280 0.003890 80.800000 0.002442 0.013767 0.001338
58 1543582280 0.007217 80.800000 0.004493 0.034500 0.004910
61 1543582280 0.003759 80.800000 0.002362 0.013577 0.001249
61 1543582281 0.003759 80.800000 0.002362 0.013577 0.001249
58 1543582281 0.007217 80.800000 0.004493 0.034500 0.004910
55 1543582281 0.003890 80.800000 0.002442 0.013767 0.001338
61 1543582282 0.003759 80.800000 0.002362 0.013577 0.001249
58 1543582282 0.007217 80.800000 0.004493 0.034500 0.004910
55 1543582282 0.003890 80.800000 0.002442 0.013767 0.001338
61 1543582283 0.003759 80.800000 0.002362 0.013577 0.001249
58 1543582283 0.007217 80.800000 0.004493 0.034500 0.004910
55 1543582283 0.003890 80.800000 0.002442 0.013767 0.001338
61 1543582284 0.003793 81.400000 0.002029 0.016793 0.001382
58 1543582284 0.007110 81.400000 0.003939 0.034009 0.004686
55 1543582284 0.003924 81.400000 0.002086 0.016986 0.001475
55 1543582285 0.003924 81.400000 0.002086 0.016986 0.001475
58 1543582285 0.007110 81.400000 0.003939 0.034009 0.004686
61 1543582285 0.003793 81.400000 0.002029 0.016793 0.001382
61 1543582286 0.003793 81.400000 0.002029 0.016793 0.001382
58 1543582286 0.007110 81.400000 0.003939 0.034009 0.004686
55 1543582286 0.003924 81.400000 0.002086 0.016986 0.001475
61 1543582287 0.003793 81.400000 0.002029 0.016793 0.001382
58 1543582287 0.007110 81.400000 0.003939 0.034009 0.004686
55 1543582287 0.003924 81.400000 0.002086 0.016986 0.001475
61 1543582288 0.003793 81.400000 0.002029 0.016793 0.001382
58 1543582288 0.007110 81.400000 0.003939 0.034009 0.004686
55 1543582288 0.003924 81.400000 0.002086 0.016986 0.001475
61 1543582289 0.004735 66.000000 0.002745 0.040287 0.001951
58 1543582289 0.008710 66.000000 0.005080 0.033226 0.005903
55 1543582289 0.004923 66.000000 0.002824 0.046138 0.002175
55 1543582290 0.004923 66.000000 0.002824 0.046138 0.002175
58 1543582290 0.008710 66.000000 0.005080 0.033226 0.005903
61 1543582290 0.004735 66.000000 0.002745 0.040287 0.001951
55 1543582291 0.004923 66.000000 0.002824 0.046138 0.002175
58 1543582291 0.008710 66.000000 0.005080 0.033226 0.005903
61 1543582291 0.004735 66.000000 0.002745 0.040287 0.001951
58 1543582354 0.008538 29.000000 0.006147 0.012826 0.002214
58 1543582353 0.007620 76.000000 0.005555 0.020142 0.004649
58 1543582352 0.007620 76.000000 0.005555 0.020142 0.004649
58 1543582351 0.007620 76.000000 0.005555 0.020142 0.004649
58 1543582350 0.007620 76.000000 0.005555 0.020142 0.004649
58 1543582349 0.007620 76.000000 0.005555 0.020142 0.004649
58 1543582348 0.007105 81.400000 0.005530 0.020559 0.004321
58 1543582347 0.007105 81.400000 0.005530 0.020559 0.004321
58 1543582346 0.007105 81.400000 0.005530 0.020559 0.004321
58 1543582345 0.007105 81.400000 0.005530 0.020559 0.004321
58 1543582344 0.007105 81.400000 0.005530 0.020559 0.004321
58 1543582343 0.007112 81.800000 0.005510 0.025717 0.004469
58 1543582342 0.007112 81.800000 0.005510 0.025717 0.004469
58 1543582341 0.007112 81.800000 0.005510 0.025717 0.004469
58 1543582340 0.007112 81.800000 0.005510 0.025717 0.004469
58 1543582339 0.007112 81.800000 0.005510 0.025717 0.004469
58 1543582338 0.006980 82.600000 0.005555 0.016193 0.004176
58 1543582337 0.006980 82.600000 0.005555 0.016193 0.004176
58 1543582336 0.006980 82.600000 0.005555 0.016193 0.004176
58 1543582335 0.006980 82.600000 0.005555 0.016193 0.004176
58 1543582334 0.006980 82.600000 0.005555 0.016193 0.004176
58 1543582333 0.007348 78.600000 0.005306 0.018026 0.004500
58 1543582332 0.007348 78.600000 0.005306 0.018026 0.004500
58 1543582331 0.007348 78.600000 0.005306 0.018026 0.004500
58 1543582330 0.007348 78.600000 0.005306 0.018026 0.004500
58 1543582329 0.007348 78.600000 0.005306 0.018026 0.004500
58 1543582328 0.006832 84.600000 0.005196 0.017452 0.004152
58 1543582327 0.006832 84.600000 0.005196 0.017452 0.004152
58 1543582326 0.006832 84.600000 0.005196 0.017452 0.004152
58 1543582325 0.006832 84.600000 0.005196 0.017452 0.004152
58 1543582324 0.006832 84.600000 0.005196 0.017452 0.004152
58 1543582323 0.007062 81.600000 0.005193 0.016245 0.004302
58 1543582322 0.007062 81.600000 0.005193 0.016245 0.004302
58 1543582321 0.007062 81.600000 0.005193 0.016245 0.004302
58 1543582320 0.007062 81.600000 0.005193 0.016245 0.004302
58 1543582319 0.007062 81.600000 0.005193 0.016245 0.004302
58 1543582318 0.006908 83.400000 0.005051 0.013870 0.004131
58 1543582317 0.006908 83.400000 0.005051 0.013870 0.004131
58 1543582316 0.006908 83.400000 0.005051 0.013870 0.004131
58 1543582315 0.006908 83.400000 0.005051 0.013870 0.004131
58 1543582314 0.006908 83.400000 0.005051 0.013870 0.004131
58 1543582313 0.006063 95.400000 0.003534 0.019421 0.004075
58 1543582312 0.006063 95.400000 0.003534 0.019421 0.004075
58 1543582311 0.006063 95.400000 0.003534 0.019421 0.004075
58 1543582310 0.006063 95.400000 0.003534 0.019421 0.004075
58 1543582309 0.006063 95.400000 0.003534 0.019421 0.004075
58 1543582308 0.009021 65.600000 0.004024 0.050398 0.007020
58 1543582307 0.009021 65.600000 0.004024 0.050398 0.007020
58 1543582306 0.009021 65.600000 0.004024 0.050398 0.007020
58 1543582305 0.009021 65.600000 0.004024 0.050398 0.007020
58 1543582304 0.009021 65.600000 0.004024 0.050398 0.007020
58 1543582303 0.007044 82.400000 0.005596 0.015211 0.004253
58 1543582302 0.007044 82.400000 0.005596 0.015211 0.004253
58 1543582301 0.007044 82.400000 0.005596 0.015211 0.004253
58 1543582300 0.007044 82.400000 0.005596 0.015211 0.004253
58 1543582299 0.007044 82.400000 0.005596 0.015211 0.004253
58 1543582298 0.006391 90.200000 0.003830 0.023050 0.004393
58 1543582297 0.006391 90.200000 0.003830 0.023050 0.004393
58 1543582296 0.006391 90.200000 0.003830 0.023050 0.004393
58 1543582295 0.006391 90.200000 0.003830 0.023050 0.004393
58 1543582294 0.006391 90.200000 0.003830 0.023050 0.004393
58 1543582293 0.008710 66.000000 0.005080 0.033226 0.005903
58 1543582292 0.008710 66.000000 0.005080 0.033226 0.005903
61 1543582354 0.004881 28.000000 0.003427 0.010159 0.000711
61 1543582353 0.004027 76.000000 0.003050 0.010304 0.001232
61 1543582352 0.004027 76.000000 0.003050 0.010304 0.001232
61 1543582351 0.004027 76.000000 0.003050 0.010304 0.001232
61 1543582350 0.004027 76.000000 0.003050 0.010304 0.001232
61 1543582349 0.004027 76.000000 0.003050 0.010304 0.001232
61 1543582348 0.003775 81.400000 0.003023 0.009099 0.001160
61 1543582347 0.003775 81.400000 0.003023 0.009099 0.001160
61 1543582346 0.003775 81.400000 0.003023 0.009099 0.001160
61 1543582345 0.003775 81.400000 0.003023 0.009099 0.001160
61 1543582344 0.003775 81.400000 0.003023 0.009099 0.001160
61 1543582343 0.003705 82.000000 0.003013 0.007482 0.001126
61 1543582342 0.003705 82.000000 0.003013 0.007482 0.001126
61 1543582341 0.003705 82.000000 0.003013 0.007482 0.001126
61 1543582340 0.003705 82.000000 0.003013 0.007482 0.001126
61 1543582339 0.003705 82.000000 0.003013 0.007482 0.001126
61 1543582338 0.003740 82.400000 0.003032 0.008082 0.001153
61 1543582337 0.003740 82.400000 0.003032 0.008082 0.001153
61 1543582336 0.003740 82.400000 0.003032 0.008082 0.001153
61 1543582335 0.003740 82.400000 0.003032 0.008082 0.001153
61 1543582334 0.003740 82.400000 0.003032 0.008082 0.001153
61 1543582333 0.003930 78.600000 0.002831 0.010589 0.001214
61 1543582332 0.003930 78.600000 0.002831 0.010589 0.001214
61 1543582331 0.003930 78.600000 0.002831 0.010589 0.001214
61 1543582330 0.003930 78.600000 0.002831 0.010589 0.001214
61 1543582329 0.003930 78.600000 0.002831 0.010589 0.001214
61 1543582328 0.003627 84.600000 0.002761 0.012456 0.001113
61 1543582327 0.003627 84.600000 0.002761 0.012456 0.001113
61 1543582326 0.003627 84.600000 0.002761 0.012456 0.001113
61 1543582325 0.003627 84.600000 0.002761 0.012456 0.001113
61 1543582324 0.003627 84.600000 0.002761 0.012456 0.001113
61 1543582323 0.003761 81.600000 0.002769 0.007522 0.001154
61 1543582322 0.003761 81.600000 0.002769 0.007522 0.001154
61 1543582321 0.003761 81.600000 0.002769 0.007522 0.001154
61 1543582320 0.003761 81.600000 0.002769 0.007522 0.001154
61 1543582319 0.003761 81.600000 0.002769 0.007522 0.001154
61 1543582318 0.003713 83.400000 0.002791 0.006922 0.001150
61 1543582317 0.003713 83.400000 0.002791 0.006922 0.001150
61 1543582316 0.003713 83.400000 0.002791 0.006922 0.001150
61 1543582315 0.003713 83.400000 0.002791 0.006922 0.001150
61 1543582314 0.003713 83.400000 0.002791 0.006922 0.001150
61 1543582313 0.003226 95.600000 0.001819 0.012352 0.001180
61 1543582312 0.003226 95.600000 0.001819 0.012352 0.001180
61 1543582311 0.003226 95.600000 0.001819 0.012352 0.001180
61 1543582310 0.003226 95.600000 0.001819 0.012352 0.001180
61 1543582309 0.003226 95.600000 0.001819 0.012352 0.001180
61 1543582308 0.004496 65.400000 0.002105 0.014423 0.001516
61 1543582307 0.004496 65.400000 0.002105 0.014423 0.001516
61 1543582306 0.004496 65.400000 0.002105 0.014423 0.001516
61 1543582305 0.004496 65.400000 0.002105 0.014423 0.001516
61 1543582304 0.004496 65.400000 0.002105 0.014423 0.001516
61 1543582303 0.003710 82.600000 0.003036 0.009604 0.001137
61 1543582302 0.003710 82.600000 0.003036 0.009604 0.001137
61 1543582301 0.003710 82.600000 0.003036 0.009604 0.001137
61 1543582300 0.003710 82.600000 0.003036 0.009604 0.001137
61 1543582299 0.003710 82.600000 0.003036 0.009604 0.001137
61 1543582298 0.003468 90.000000 0.002033 0.039562 0.001552
61 1543582297 0.003468 90.000000 0.002033 0.039562 0.001552
61 1543582296 0.003468 90.000000 0.002033 0.039562 0.001552
61 1543582295 0.003468 90.000000 0.002033 0.039562 0.001552
61 1543582294 0.003468 90.000000 0.002033 0.039562 0.001552
61 1543582293 0.004735 66.000000 0.002745 0.040287 0.001951
61 1543582292 0.004735 66.000000 0.002745 0.040287 0.001951
84 1543582354 0.000046 1.000000 0.000046 0.000046 0.000000
55 1543582354 0.005077 28.000000 0.003528 0.010348 0.000767
55 1543582353 0.004172 76.000000 0.003143 0.010507 0.001323
55 1543582352 0.004172 76.000000 0.003143 0.010507 0.001323
55 1543582351 0.004172 76.000000 0.003143 0.010507 0.001323
55 1543582350 0.004172 76.000000 0.003143 0.010507 0.001323
55 1543582349 0.004172 76.000000 0.003143 0.010507 0.001323
55 1543582348 0.003905 81.400000 0.003112 0.009325 0.001241
55 1543582347 0.003905 81.400000 0.003112 0.009325 0.001241
55 1543582346 0.003905 81.400000 0.003112 0.009325 0.001241
55 1543582345 0.003905 81.400000 0.003112 0.009325 0.001241
55 1543582344 0.003905 81.400000 0.003112 0.009325 0.001241
55 1543582343 0.003830 82.000000 0.003098 0.007770 0.001203
55 1543582342 0.003830 82.000000 0.003098 0.007770 0.001203
55 1543582341 0.003830 82.000000 0.003098 0.007770 0.001203
55 1543582340 0.003830 82.000000 0.003098 0.007770 0.001203
55 1543582339 0.003830 82.000000 0.003098 0.007770 0.001203
55 1543582338 0.003866 82.400000 0.003119 0.008252 0.001232
55 1543582337 0.003866 82.400000 0.003119 0.008252 0.001232
55 1543582336 0.003866 82.400000 0.003119 0.008252 0.001232
55 1543582335 0.003866 82.400000 0.003119 0.008252 0.001232
55 1543582334 0.003866 82.400000 0.003119 0.008252 0.001232
55 1543582333 0.004064 78.600000 0.002909 0.010744 0.001298
55 1543582332 0.004064 78.600000 0.002909 0.010744 0.001298
55 1543582331 0.004064 78.600000 0.002909 0.010744 0.001298
55 1543582330 0.004064 78.600000 0.002909 0.010744 0.001298
55 1543582329 0.004064 78.600000 0.002909 0.010744 0.001298
55 1543582328 0.003748 84.600000 0.002842 0.012589 0.001188
55 1543582327 0.003748 84.600000 0.002842 0.012589 0.001188
55 1543582326 0.003748 84.600000 0.002842 0.012589 0.001188
55 1543582325 0.003748 84.600000 0.002842 0.012589 0.001188
55 1543582324 0.003748 84.600000 0.002842 0.012589 0.001188
55 1543582323 0.003895 81.600000 0.002850 0.009327 0.001238
55 1543582322 0.003895 81.600000 0.002850 0.009327 0.001238
55 1543582321 0.003895 81.600000 0.002850 0.009327 0.001238
55 1543582320 0.003895 81.600000 0.002850 0.009327 0.001238
55 1543582319 0.003895 81.600000 0.002850 0.009327 0.001238
55 1543582318 0.003839 83.400000 0.002876 0.007214 0.001229
55 1543582317 0.003839 83.400000 0.002876 0.007214 0.001229
55 1543582316 0.003839 83.400000 0.002876 0.007214 0.001229
55 1543582315 0.003839 83.400000 0.002876 0.007214 0.001229
55 1543582314 0.003839 83.400000 0.002876 0.007214 0.001229
55 1543582313 0.003342 95.600000 0.001901 0.012507 0.001268
55 1543582312 0.003342 95.600000 0.001901 0.012507 0.001268
55 1543582311 0.003342 95.600000 0.001901 0.012507 0.001268
55 1543582310 0.003342 95.600000 0.001901 0.012507 0.001268
55 1543582309 0.003342 95.600000 0.001901 0.012507 0.001268
55 1543582308 0.004661 65.400000 0.002165 0.014557 0.001627
55 1543582307 0.004661 65.400000 0.002165 0.014557 0.001627
55 1543582306 0.004661 65.400000 0.002165 0.014557 0.001627
55 1543582305 0.004661 65.400000 0.002165 0.014557 0.001627
55 1543582304 0.004661 65.400000 0.002165 0.014557 0.001627
55 1543582303 0.003829 82.600000 0.003127 0.009773 0.001211
55 1543582302 0.003829 82.600000 0.003127 0.009773 0.001211
55 1543582301 0.003829 82.600000 0.003127 0.009773 0.001211
55 1543582300 0.003829 82.600000 0.003127 0.009773 0.001211
55 1543582299 0.003829 82.600000 0.003127 0.009773 0.001211
55 1543582298 0.003589 90.000000 0.002095 0.039722 0.001644
55 1543582297 0.003589 90.000000 0.002095 0.039722 0.001644
55 1543582296 0.003589 90.000000 0.002095 0.039722 0.001644
55 1543582295 0.003589 90.000000 0.002095 0.039722 0.001644
55 1543582294 0.003589 90.000000 0.002095 0.039722 0.001644
55 1543582293 0.004923 66.000000 0.002824 0.046138 0.002175
55 1543582292 0.004923 66.000000 0.002824 0.046138 0.002175
